15.0212
9.82715
7.52742
5.94492
4.72464
3.76151
2.99707
2.38914
1.90517
1.51963
1.21236
0.96738
0.772012
0.616172
0.491841
0.392632
0.313459
0.250269
0.19983
0.159565
0.12742
0.101755
0.0812635
0.064901
0.0518351
0.0414009
0.0330682
0.0264134
0.0210984
0.0168534
0.0134628
0.0107545
0.0085913
0.00686333
0.00548302
0.00438039
0.00349956
0.0027959
0.00223376
0.00178467
0.0014259
0.00113926
0.000910255
0.000727293
0.000581114
0.000464321
0.000371006
0.000296448
0.000236875
0.000189276
0.000151244
0.000120854
9.65721e-05
7.71694e-05
6.16655e-05
4.92769e-05
3.93775e-05
3.1467e-05
2.51459e-05
2.00947e-05
1.60583e-05
1.28328e-05
1.02552e-05
8.19546e-06
6.54943e-06
5.23404e-06
4.18285e-06
3.3428e-06
2.67148e-06
2.13499e-06
1.70625e-06
1.36361e-06
1.08979e-06
8.70953e-07
6.96066e-07
5.56299e-07
4.44598e-07
3.55328e-07
2.83984e-07
2.26966e-07
1.81396e-07
1.44977e-07
1.1587e-07
9.26071e-08
7.4015e-08
5.91558e-08
4.72799e-08
3.77883e-08
3.02023e-08
2.41393e-08
1.92935e-08
1.54205e-08
1.2325e-08
9.85093e-09
