14.1735
22.5044
44.3679
87.8549
174.053
344.916
683.626
1355.08
2686.19
5324.92
10555.6
20923.7
41473.5
82200
162906
322820
639643
1.26725e+06
2.51035e+06
4.97218e+06
9.84681e+06
1.94974e+07
3.86e+07
7.64051e+07
1.51209e+08
2.99192e+08
5.91881e+08
1.17065e+09
2.31485e+09
4.57633e+09
9.04494e+09
1.78724e+10
3.53055e+10
6.97238e+10
1.37655e+11
2.71687e+11
5.36051e+11
1.0573e+12
2.08467e+12
4.10885e+12
8.09536e+12
1.59434e+13
3.13868e+13
6.17629e+13
1.21483e+14
2.38839e+14
4.69339e+14
9.21839e+14
1.80968e+15
3.55077e+15
6.9632e+15
1.36475e+16
2.67331e+16
5.23351e+16
1.02394e+17
2.00212e+17
3.91232e+17
7.6401e+17
1.49101e+18
2.90786e+18
5.66727e+18
1.10376e+19
2.1482e+19
4.17801e+19
8.11994e+19
1.57697e+20
3.0604e+20
5.9349e+20
1.15008e+21
2.22699e+21
4.30907e+21
8.33147e+21
1.60965e+22
3.10752e+22
5.99467e+22
1.15555e+23
2.22576e+23
4.28391e+23
8.23894e+23
1.58334e+24
3.04052e+24
5.83436e+24
1.1187e+25
2.14342e+25
4.10373e+25
7.85104e+25
1.50092e+26
2.86726e+26
5.47346e+26
1.0441e+27
1.99027e+27
3.79116e+27
7.21648e+27
1.3727e+28
2.6093e+28
4.95648e+28
9.40865e+28
1.78479e+29
3.38345e+29
6.40979e+29
1.21351e+30
2.29595e+30
4.34114e+30
8.20296e+30
1.54905e+31
2.92342e+31
5.51381e+31
1.03932e+32
1.95789e+32
3.68614e+32
6.93589e+32
1.30431e+33
2.45141e+33
4.60474e+33
8.64478e+33
1.62205e+34
3.04188e+34
5.70148e+34
1.06808e+35
1.99984e+35
3.74253e+35
7.00026e+35
1.30872e+36
2.44549e+36
4.56745e+36
8.52655e+36
1.59099e+37
2.96728e+37
5.5316e+37
1.03073e+38
1.91975e+38
3.57399e+38
6.65077e+38
1.2371e+39
2.30013e+39
4.27482e+39
7.94154e+39
1.47474e+40
2.73748e+40
5.07942e+40
9.42123e+40
1.74676e+41
3.23739e+41
5.99783e+41
1.11079e+42
2.05641e+42
3.80569e+42
7.04048e+42
1.30202e+43
2.40705e+43
4.44839e+43
8.21818e+43
1.51776e+44
2.80214e+44
5.17172e+44
9.54206e+44
1.76e+45
3.24525e+45
5.98207e+45
1.10236e+46
2.03079e+46
3.74008e+46
6.88604e+46
1.26746e+47
2.33225e+47
4.29038e+47
7.89036e+47
1.45071e+48
2.66653e+48
4.90002e+48
9.00194e+48
1.65334e+49
3.03583e+49
5.57295e+49
1.02278e+50
1.87662e+50
3.44243e+50
6.31319e+50
1.15753e+51
2.12184e+51
3.8886e+51
7.12486e+51
1.30516e+52
2.3903e+52
4.3767e+52
8.01214e+52
1.46642e+53
2.68334e+53
4.90912e+53
8.9793e+53
1.64208e+54
3.00232e+54
5.48827e+54
1.00307e+55
1.8329e+55
3.34863e+55
6.11664e+55
1.11706e+56
2.03969e+56
3.72366e+56
6.79671e+56
1.24037e+57
2.26322e+57
4.12884e+57
7.53105e+57
1.37344e+58
2.50433e+58
4.56563e+58
8.32224e+58
1.51674e+59
2.76382e+59
5.0355e+59
9.17292e+59
1.67073e+60
3.04255e+60
5.53994e+60
1.00857e+61
1.83589e+61
3.34136e+61
6.08048e+61
1.10634e+62
2.01272e+62
3.66112e+62
6.65866e+62
1.21088e+63
2.20169e+63
4.00271e+63
7.27605e+63
1.32245e+64
2.40331e+64
4.36702e+64
7.93424e+64
1.44136e+65
2.6181e+65
4.75496e+65
8.63488e+65
1.56788e+66
2.84656e+66
5.16746e+66
9.3796e+66
1.70232e+67
3.08923e+67
5.60546e+67
1.01701e+68
1.84498e+68
3.34665e+68
6.06993e+68
1.10081e+69
1.99615e+69
3.61935e+69
6.56182e+69
1.18953e+70
2.15616e+70
3.90791e+70
7.08215e+70
1.28335e+71
2.32532e+71
4.21287e+71
7.63193e+71
1.38245e+72
2.50395e+72
4.53484e+72
8.21219e+72
1.48702e+73
2.69239e+73
4.87439e+73
8.82399e+73
1.59725e+74
2.89097e+74
5.23213e+74
9.4684e+74
1.71332e+75
3.10004e+75
5.60867e+75
1.01465e+76
1.83545e+76
3.31995e+76
6.00465e+76
1.08595e+77
1.96382e+77
3.55106e+77
6.42071e+77
1.16085e+78
2.09864e+78
3.79374e+78
6.85751e+78
1.23947e+79
2.24012e+79
4.04836e+79
7.31572e+79
1.32192e+80
2.38849e+80
4.31532e+80
7.79603e+80
1.40833e+81
2.54395e+81
4.59499e+81
8.29914e+81
1.49883e+82
2.70674e+82
4.8878e+82
8.82578e+82
1.59355e+83
2.87709e+83
5.19415e+83
9.37668e+83
1.69262e+84
3.05523e+84
5.51446e+84
9.95262e+84
1.79617e+85
3.2414e+85
5.84917e+85
1.05543e+86
1.90434e+86
3.43586e+86
6.19872e+86
1.11827e+87
2.01728e+87
3.63886e+87
6.56357e+87
1.18384e+88
2.13513e+88
3.85065e+88
6.9442e+88
1.25224e+89
2.25805e+89
4.07152e+89
7.34107e+89
1.32355e+90
2.38618e+90
4.30173e+90
7.75469e+90
1.39786e+91
2.51968e+91
4.54157e+91
8.18555e+91
1.47526e+92
2.65872e+92
4.79133e+92
8.63418e+92
1.55585e+93
2.80346e+93
5.05131e+93
9.10111e+93
1.63971e+94
2.95408e+94
5.3218e+94
9.58689e+94
1.72695e+95
3.11074e+95
5.60313e+95
1.00921e+96
1.81767e+96
3.27363e+96
5.89562e+96
1.06173e+97
1.91196e+97
3.44294e+97
6.1996e+97
1.1163e+98
2.00995e+98
3.61885e+98
6.51541e+98
1.173e+99
2.11173e+99
3.80157e+99
6.84341e+99
1.23188e+100
2.21742e+100
3.99128e+100
7.18394e+100
1.293e+101
2.32713e+101
4.1882e+101
7.53738e+101
1.35644e+102
2.44098e+102
4.39254e+102
7.90412e+102
1.42225e+103
2.5591e+103
4.60452e+103
8.28453e+103
1.49052e+104
2.68161e+104
4.82436e+104
8.67903e+104
1.56131e+105
2.80864e+105
5.0523e+105
9.08802e+105
1.6347e+106
2.94031e+106
5.28856e+106
9.51194e+106
1.71076e+107
3.07678e+107
5.5334e+107
9.95121e+107
1.78957e+108
3.21817e+108
5.78706e+108
1.04063e+109
1.87121e+109
3.36463e+109
6.0498e+109
1.08776e+110
1.95576e+110
3.51631e+110
6.32189e+110
1.13657e+111
2.04331e+111
3.67336e+111
6.6036e+111
1.1871e+112
2.13395e+112
3.83593e+112
6.89521e+112
1.23941e+113
2.22776e+113
4.0042e+113
7.197e+113
1.29353e+114
2.32485e+114
4.17831e+114
7.50928e+114
1.34954e+115
2.42529e+115
4.35845e+115
7.83234e+115
1.40748e+116
2.5292e+116
4.54479e+116
8.16651e+116
1.4674e+117
2.63666e+117
4.73751e+117
8.5121e+117
1.52938e+118
2.74779e+118
4.93679e+118
8.86944e+118
1.59345e+119
2.86269e+119
5.14282e+119
9.23888e+119
1.6597e+120
2.98147e+120
5.3558e+120
9.62077e+120
1.72817e+121
3.10425e+121
5.57593e+121
1.00155e+122
1.79894e+122
3.23113e+122
5.80342e+122
1.04233e+123
1.87207e+123
3.36224e+123
6.03848e+123
1.08448e+124
1.94762e+124
3.49769e+124
6.28133e+124
1.12801e+125
2.02567e+125
3.63762e+125
6.53219e+125
1.17299e+126
2.1063e+126
3.78216e+126
6.7913e+126
1.21944e+127
2.18957e+127
3.93143e+127
7.05889e+127
1.26741e+128
2.27556e+128
4.08558e+128
7.33521e+128
1.31694e+129
2.36435e+129
4.24474e+129
7.62051e+129
1.36808e+130
2.45602e+130
4.40906e+130
7.91505e+130
1.42087e+131
2.55065e+131
4.57869e+131
8.2191e+131
1.47537e+132
2.64834e+132
4.75377e+132
8.53293e+132
1.53162e+133
2.74916e+133
4.93448e+133
8.85682e+133
1.58967e+134
2.8532e+134
5.12097e+134
9.19106e+134
1.64958e+135
2.96057e+135
5.3134e+135
9.53595e+135
1.71139e+136
3.07136e+136
5.51195e+136
9.89179e+136
1.77517e+137
3.18565e+137
5.7168e+137
1.02589e+138
1.84096e+138
3.30357e+138
5.92811e+138
1.06376e+139
1.90883e+139
3.4252e+139
6.14609e+139
1.10283e+140
1.97884e+140
3.55066e+140
6.37092e+140
1.14312e+141
2.05104e+141
3.68005e+141
6.60281e+141
1.18467e+142
2.12551e+142
3.8135e+142
6.84194e+142
1.22752e+143
2.2023e+143
3.95111e+143
7.08853e+143
1.27171e+144
2.28148e+144
4.093e+144
7.34279e+144
1.31728e+145
2.36313e+145
4.2393e+145
7.60495e+145
1.36425e+146
2.44731e+146
4.39014e+146
7.87523e+146
1.41268e+147
2.53409e+147
4.54564e+147
8.15386e+147
1.46261e+148
2.62355e+148
4.70593e+148
8.44109e+148
1.51407e+149
2.71576e+149
4.87117e+149
8.73715e+149
1.56712e+150
2.81082e+150
5.04148e+150
9.04231e+150
1.6218e+151
2.90878e+151
5.21701e+151
9.35681e+151
1.67815e+152
3.00975e+152
5.39791e+152
9.68094e+152
1.73622e+153
3.1138e+153
5.58434e+153
1.0015e+154
inf
inf
inf
inf
inf
inf
inf
inf
inf
inf
inf
inf
inf
inf
inf
inf
inf
inf
inf
inf
inf
inf
inf
inf
inf
inf
inf
inf
inf
inf
inf
inf
inf
inf
inf
inf
inf
inf
inf
inf
inf
inf
inf
inf
inf
inf
inf
inf
inf
inf
inf
inf
inf
inf
inf
inf
inf
inf
inf
inf
inf
inf
inf
inf
inf
inf
inf
inf
inf
inf
inf
inf
inf
inf
inf
inf
inf
inf
inf
inf
inf
inf
inf
inf
inf
inf
inf
inf
inf
inf
inf
inf
inf
inf
inf
inf
inf
inf
inf
inf
inf
inf
inf
inf
inf
inf
inf
inf
inf
inf
inf
inf
inf
inf
inf
inf
inf
inf
inf
inf
inf
inf
inf
inf
inf
inf
inf
inf
inf
inf
inf
inf
inf
inf
inf
inf
inf
inf
inf
inf
inf
inf
inf
inf
inf
inf
inf
inf
inf
inf
inf
inf
inf
inf
inf
inf
inf
inf
inf
inf
inf
inf
inf
inf
inf
inf
inf
inf
inf
inf
inf
inf
inf
inf
inf
inf
inf
inf
inf
inf
inf
inf
inf
inf
inf
inf
inf
inf
inf
inf
inf
inf
inf
inf
inf
inf
inf
inf
inf
inf
inf
inf
inf
inf
inf
inf
inf
inf
inf
inf
inf
inf
inf
inf
inf
inf
inf
inf
inf
inf
inf
inf
inf
inf
inf
inf
inf
inf
inf
inf
inf
inf
inf
inf
inf
inf
inf
inf
inf
inf
inf
inf
inf
inf
inf
inf
inf
inf
inf
inf
inf
inf
inf
inf
inf
inf
inf
inf
inf
inf
inf
inf
inf
inf
inf
inf
inf
inf
inf
inf
inf
inf
inf
inf
inf
inf
inf
inf
inf
inf
inf
inf
inf
inf
inf
inf
inf
inf
inf
inf
inf
inf
inf
inf
inf
inf
inf
inf
inf
inf
inf
inf
inf
inf
inf
inf
inf
inf
inf
inf
inf
inf
inf
inf
inf
inf
inf
inf
inf
inf
inf
inf
inf
inf
inf
inf
inf
inf
inf
inf
inf
inf
inf
inf
inf
inf
inf
inf
inf
inf
inf
inf
inf
inf
inf
inf
inf
inf
inf
inf
inf
inf
inf
inf
inf
inf
inf
inf
inf
inf
inf
inf
inf
inf
inf
inf
inf
inf
inf
inf
inf
inf
inf
inf
inf
inf
inf
inf
inf
inf
inf
inf
inf
inf
inf
inf
inf
inf
inf
inf
inf
inf
inf
inf
inf
inf
inf
inf
inf
inf
inf
inf
inf
inf
inf
inf
inf
inf
inf
inf
inf
inf
inf
inf
inf
inf
inf
inf
inf
inf
inf
inf
inf
inf
inf
inf
inf
inf
inf
inf
inf
inf
inf
inf
inf
inf
inf
inf
inf
inf
inf
inf
inf
inf
inf
inf
inf
inf
inf
inf
inf
inf
inf
inf
inf
inf
inf
inf
inf
inf
inf
inf
inf
inf
inf
inf
inf
inf
inf
inf
inf
inf
inf
inf
inf
inf
inf
inf
inf
inf
inf
inf
inf
inf
inf
inf
inf
inf
inf
inf
inf
inf
inf
inf
inf
inf
inf
inf
inf
inf
inf
inf
inf
inf
inf
inf
inf
inf
inf
inf
inf
inf
inf
inf
inf
inf
inf
inf
inf
inf
inf
inf
inf
inf
inf
inf
inf
inf
inf
inf
inf
inf
inf
inf
inf
inf
inf
inf
inf
inf
inf
inf
inf
inf
inf
inf
inf
inf
inf
inf
inf
inf
inf
inf
inf
inf
inf
inf
inf
inf
inf
inf
inf
inf
inf
inf
inf
inf
inf
inf
inf
inf
inf
inf
inf
inf
inf
inf
inf
inf
inf
inf
inf
inf
inf
inf
inf
inf
inf
inf
inf
inf
inf
inf
inf
inf
inf
inf
inf
inf
inf
inf
inf
inf
inf
inf
inf
inf
inf
-nan
