14.1735
15.7095
20.2003
26.7177
35.5057
47.2246
62.8253
83.5887
111.223
148.003
196.959
262.122
348.861
464.325
618.032
822.652
1095.06
1457.72
1940.54
2583.37
3439.23
4578.75
6095.98
8116.15
10806
14387.7
19156.9
25507.5
33963.9
45224.6
60219.7
80188.1
106779
142191
189348
252148
335781
447160
595489
793031
1.05611e+06
1.40649e+06
1.87312e+06
2.4946e+06
3.3223e+06
4.42467e+06
5.89287e+06
7.84832e+06
1.04527e+07
1.39215e+07
1.85416e+07
2.46951e+07
3.28911e+07
4.38075e+07
5.83475e+07
7.77138e+07
1.03509e+08
1.37867e+08
1.8363e+08
2.44586e+08
3.25778e+08
4.33924e+08
5.77975e+08
7.69851e+08
1.02543e+09
1.36587e+09
1.81934e+09
2.42337e+09
3.22796e+09
4.29971e+09
5.72733e+09
7.62899e+09
1.01621e+10
1.35364e+10
1.80312e+10
2.40185e+10
3.19942e+10
4.26184e+10
5.67708e+10
7.56232e+10
1.00736e+11
1.3419e+11
1.78753e+11
2.38117e+11
3.17197e+11
4.2254e+11
5.62871e+11
7.4981e+11
9.98837e+11
1.33058e+12
1.7725e+12
2.36121e+12
3.14546e+12
4.1902e+12
5.58195e+12
7.436e+12
9.9059e+12
1.31962e+13
1.75795e+13
2.34188e+13
3.11978e+13
4.15608e+13
5.53663e+13
7.37579e+13
9.8259e+13
1.30899e+14
1.74383e+14
2.32311e+14
3.09484e+14
4.12294e+14
5.49259e+14
7.31725e+14
9.7481e+14
1.29865e+15
1.73008e+15
2.30484e+15
3.07056e+15
4.09066e+15
5.44968e+15
7.26022e+15
9.67228e+15
1.28857e+16
1.71668e+16
2.28703e+16
3.04687e+16
4.05917e+16
5.40782e+16
7.20455e+16
9.59826e+16
1.27873e+17
1.70359e+17
2.26963e+17
3.02373e+17
4.0284e+17
5.36689e+17
7.15012e+17
9.52587e+17
1.2691e+18
1.69079e+18
2.2526e+18
3.00108e+18
3.99827e+18
5.32682e+18
7.09682e+18
9.45498e+18
1.25967e+19
1.67825e+19
2.23591e+19
2.97888e+19
3.96875e+19
5.28754e+19
7.04457e+19
9.38547e+19
1.25043e+20
1.66594e+20
2.21954e+20
2.95711e+20
3.93977e+20
5.24899e+20
6.99328e+20
9.31723e+20
1.24135e+21
1.65386e+21
2.20347e+21
2.93572e+21
3.91131e+21
5.21112e+21
6.94289e+21
9.25017e+21
1.23242e+22
1.64199e+22
2.18767e+22
2.91469e+22
3.88333e+22
5.17388e+22
6.89333e+22
9.18422e+22
1.22365e+23
1.63031e+23
2.17212e+23
2.894e+23
3.85579e+23
5.13723e+23
6.84455e+23
9.11929e+23
1.215e+24
1.61881e+24
2.15681e+24
2.87362e+24
3.82867e+24
5.10113e+24
6.7965e+24
9.05533e+24
1.20649e+25
1.60747e+25
2.14173e+25
2.85354e+25
3.80194e+25
5.06555e+25
6.74913e+25
8.99228e+25
1.1981e+26
1.5963e+26
2.12685e+26
2.83374e+26
3.77558e+26
5.03045e+26
6.70241e+26
8.93008e+26
1.18982e+27
1.58528e+27
2.11217e+27
2.8142e+27
3.74957e+27
4.99582e+27
6.6563e+27
8.86869e+27
1.18164e+28
1.57439e+28
2.09769e+28
2.79491e+28
3.72388e+28
4.96162e+28
6.61077e+28
8.80807e+28
1.17357e+29
1.56365e+29
2.08338e+29
2.77586e+29
3.69851e+29
4.92784e+29
6.56579e+29
8.74817e+29
1.1656e+30
1.55303e+30
2.06924e+30
2.75703e+30
3.67344e+30
4.89445e+30
6.52133e+30
8.68897e+30
1.15771e+31
1.54253e+31
2.05526e+31
2.73841e+31
3.64865e+31
4.86144e+31
6.47737e+31
8.63042e+31
1.14992e+32
1.53215e+32
2.04143e+32
2.72e+32
3.62413e+32
4.82879e+32
6.43388e+32
8.57251e+32
1.1422e+33
1.52187e+33
2.02775e+33
2.70178e+33
3.59986e+33
4.79648e+33
6.39085e+33
8.5152e+33
1.13457e+34
1.51171e+34
2.01421e+34
2.68375e+34
3.57585e+34
4.76449e+34
6.34825e+34
8.45847e+34
1.12702e+35
1.50165e+35
2.00081e+35
2.6659e+35
3.55208e+35
4.73283e+35
6.30608e+35
8.4023e+35
1.11953e+36
1.49168e+36
1.98754e+36
2.64822e+36
3.52853e+36
4.70147e+36
6.26431e+36
8.34666e+36
1.11212e+37
1.48181e+37
1.97439e+37
2.63071e+37
3.50521e+37
4.6704e+37
6.22293e+37
8.29154e+37
1.10478e+38
1.47203e+38
1.96136e+38
2.61336e+38
3.4821e+38
4.63962e+38
6.18192e+38
8.23693e+38
1.09751e+39
1.46234e+39
1.94846e+39
2.59617e+39
3.45919e+39
4.60911e+39
6.14128e+39
8.18279e+39
1.09029e+40
1.45274e+40
1.93566e+40
2.57912e+40
3.43649e+40
4.57886e+40
6.101e+40
8.12912e+40
1.08315e+41
1.44321e+41
1.92297e+41
2.56222e+41
3.41398e+41
4.54888e+41
6.06105e+41
8.07591e+41
1.07606e+42
1.43377e+42
1.9104e+42
2.54547e+42
3.39166e+42
4.51914e+42
6.02144e+42
8.02315e+42
1.06903e+43
1.42441e+43
1.89792e+43
2.52885e+43
3.36952e+43
4.48965e+43
5.98215e+43
7.97081e+43
1.06206e+44
1.41512e+44
1.88555e+44
2.51237e+44
3.34756e+44
4.4604e+44
5.94318e+44
7.91889e+44
1.05514e+45
1.4059e+45
1.87327e+45
2.49601e+45
3.32577e+45
4.43138e+45
5.90452e+45
7.86739e+45
1.04828e+46
1.39676e+46
1.8611e+46
2.47979e+46
3.30416e+46
4.40258e+46
5.86616e+46
7.81628e+46
1.04147e+47
1.38769e+47
1.84901e+47
2.46369e+47
3.28271e+47
4.37401e+47
5.82809e+47
7.76556e+47
1.03471e+48
1.37869e+48
1.83702e+48
2.44771e+48
3.26143e+48
4.34565e+48
5.79031e+48
7.71523e+48
1.02801e+49
1.36976e+49
1.82512e+49
2.43186e+49
3.2403e+49
4.31751e+49
5.75281e+49
7.66528e+49
1.02135e+50
1.36089e+50
1.8133e+50
2.41612e+50
3.21933e+50
4.28957e+50
5.7156e+50
7.61569e+50
1.01475e+51
1.35209e+51
1.80158e+51
2.4005e+51
3.19852e+51
4.26184e+51
5.67865e+51
7.56647e+51
1.00819e+52
1.34335e+52
1.78994e+52
2.38499e+52
3.17786e+52
4.23431e+52
5.64197e+52
7.5176e+52
1.00168e+53
1.33468e+53
1.77838e+53
2.36959e+53
3.15734e+53
4.20698e+53
5.60555e+53
7.46908e+53
9.95213e+53
1.32606e+54
1.76691e+54
2.3543e+54
3.13697e+54
4.17984e+54
5.5694e+54
7.42091e+54
9.88794e+54
1.31751e+55
1.75551e+55
2.33912e+55
3.11675e+55
4.15289e+55
5.5335e+55
7.37308e+55
9.82421e+55
1.30902e+56
1.7442e+56
2.32405e+56
3.09666e+56
4.12613e+56
5.49785e+56
7.32558e+56
9.76093e+56
1.30059e+57
1.73296e+57
2.30908e+57
3.07672e+57
4.09956e+57
5.46244e+57
7.27841e+57
9.69808e+57
1.29222e+58
1.72181e+58
2.29422e+58
3.05692e+58
4.07318e+58
5.42729e+58
7.23156e+58
9.63567e+58
1.2839e+59
1.71073e+59
2.27945e+59
3.03725e+59
4.04697e+59
5.39237e+59
7.18504e+59
9.57368e+59
1.27564e+60
1.69972e+60
2.26479e+60
3.01771e+60
4.02094e+60
5.35769e+60
7.13884e+60
9.51212e+60
1.26744e+61
1.6888e+61
2.25023e+61
2.99831e+61
3.99509e+61
5.32325e+61
7.09295e+61
9.45098e+61
1.25929e+62
1.67794e+62
2.23577e+62
2.97904e+62
3.96942e+62
5.28904e+62
7.04737e+62
9.39025e+62
1.2512e+63
1.66716e+63
2.2214e+63
2.9599e+63
3.94392e+63
5.25506e+63
7.0021e+63
9.32993e+63
1.24316e+64
1.65645e+64
2.20713e+64
2.94089e+64
3.91859e+64
5.22131e+64
6.95713e+64
9.27001e+64
1.23518e+65
1.64581e+65
2.19296e+65
2.92201e+65
3.89342e+65
5.18779e+65
6.91246e+65
9.21049e+65
1.22725e+66
1.63525e+66
2.17888e+66
2.90325e+66
3.86843e+66
5.15448e+66
6.86808e+66
9.15137e+66
1.21937e+67
1.62475e+67
2.1649e+67
2.88462e+67
3.8436e+67
5.1214e+67
6.82401e+67
9.09264e+67
1.21155e+68
1.61433e+68
2.15101e+68
2.86611e+68
3.81894e+68
5.08854e+68
6.78022e+68
9.0343e+68
1.20377e+69
1.60397e+69
2.13721e+69
2.84772e+69
3.79444e+69
5.0559e+69
6.73672e+69
8.97634e+69
1.19605e+70
1.59368e+70
2.1235e+70
2.82945e+70
3.7701e+70
5.02347e+70
6.69351e+70
8.91877e+70
1.18838e+71
1.58346e+71
2.10988e+71
2.8113e+71
3.74592e+71
4.99125e+71
6.65059e+71
8.86157e+71
1.18076e+72
1.5733e+72
2.09635e+72
2.79328e+72
3.7219e+72
4.95924e+72
6.60794e+72
8.80475e+72
1.17319e+73
1.56321e+73
2.08291e+73
2.77537e+73
3.69804e+73
4.92745e+73
6.56558e+73
8.7483e+73
1.16567e+74
1.55319e+74
2.06955e+74
2.75757e+74
3.67433e+74
4.89586e+74
6.52349e+74
8.69222e+74
1.15819e+75
1.54324e+75
2.05629e+75
2.7399e+75
3.65078e+75
4.86448e+75
6.48167e+75
8.6365e+75
1.15077e+76
1.53334e+76
2.04311e+76
2.72234e+76
3.62738e+76
4.8333e+76
6.44013e+76
8.58115e+76
1.1434e+77
1.52352e+77
2.03001e+77
2.70489e+77
3.60413e+77
4.80232e+77
6.39886e+77
8.52616e+77
1.13607e+78
1.51375e+78
2.017e+78
2.68756e+78
3.58103e+78
4.77155e+78
6.35785e+78
8.47152e+78
1.12879e+79
1.50405e+79
2.00408e+79
2.67033e+79
3.55809e+79
4.74097e+79
6.31711e+79
8.41724e+79
1.12156e+80
1.49442e+80
1.99124e+80
2.65322e+80
3.53529e+80
4.7106e+80
6.27664e+80
8.36331e+80
1.11437e+81
1.48484e+81
1.97848e+81
2.63623e+81
3.51264e+81
4.68042e+81
6.23643e+81
8.30973e+81
1.10723e+82
1.47533e+82
1.9658e+82
2.61934e+82
3.49014e+82
4.65043e+82
6.19647e+82
8.2565e+82
1.10014e+83
1.46588e+83
1.95321e+83
2.60256e+83
3.46778e+83
4.62064e+83
6.15678e+83
8.20361e+83
1.09309e+84
1.45649e+84
1.9407e+84
2.58589e+84
3.44557e+84
4.59105e+84
6.11734e+84
8.15106e+84
1.08609e+85
1.44716e+85
1.92827e+85
2.56932e+85
3.4235e+85
4.56164e+85
6.07816e+85
8.09885e+85
1.07913e+86
1.43789e+86
1.91592e+86
2.55287e+86
3.40157e+86
4.53242e+86
6.03923e+86
8.04697e+86
1.07222e+87
1.42868e+87
1.90365e+87
2.53651e+87
3.37978e+87
4.50339e+87
6.00055e+87
7.99544e+87
1.06535e+88
1.41953e+88
1.89145e+88
2.52027e+88
3.35814e+88
4.47455e+88
5.96212e+88
7.94423e+88
1.05853e+89
1.41044e+89
1.87934e+89
2.50413e+89
3.33663e+89
4.44589e+89
5.92393e+89
7.89335e+89
1.05175e+90
1.40141e+90
1.8673e+90
2.48809e+90
3.31526e+90
4.41742e+90
5.886e+90
7.8428e+90
1.04501e+91
1.39243e+91
1.85535e+91
2.47216e+91
3.29403e+91
4.38913e+91
5.8483e+91
7.79258e+91
1.03832e+92
1.38351e+92
1.84347e+92
2.45633e+92
3.27294e+92
4.36103e+92
5.81085e+92
7.74268e+92
1.03167e+93
1.37465e+93
1.83166e+93
2.4406e+93
3.25198e+93
4.3331e+93
5.77364e+93
7.6931e+93
1.02507e+94
1.36585e+94
1.81993e+94
2.42497e+94
3.23115e+94
4.30535e+94
5.73667e+94
7.64383e+94
1.0185e+95
1.35711e+95
1.80828e+95
2.40944e+95
3.21046e+95
4.27778e+95
5.69994e+95
7.59489e+95
1.01198e+96
1.34842e+96
1.7967e+96
2.39401e+96
3.1899e+96
4.25039e+96
5.66344e+96
7.54626e+96
1.0055e+97
1.33978e+97
1.78519e+97
2.37868e+97
3.16948e+97
4.22318e+97
5.62718e+97
7.49794e+97
9.99063e+97
1.3312e+98
1.77376e+98
2.36345e+98
3.14919e+98
4.19614e+98
5.59115e+98
7.44993e+98
9.92666e+98
1.32268e+99
1.76241e+99
2.34832e+99
3.12902e+99
4.16927e+99
5.55535e+99
7.40223e+99
9.86311e+99
1.31421e+100
1.75112e+100
2.33328e+100
3.10899e+100
4.14257e+100
5.51978e+100
7.35483e+100
9.79995e+100
1.3058e+101
1.73991e+101
2.31834e+101
3.08908e+101
4.11605e+101
5.48443e+101
7.30774e+101
9.73721e+101
1.29744e+102
1.72877e+102
2.3035e+102
3.0693e+102
4.0897e+102
5.44932e+102
7.26095e+102
9.67486e+102
1.28913e+103
1.7177e+103
2.28875e+103
3.04965e+103
4.06351e+103
5.41443e+103
7.21446e+103
9.61292e+103
1.28087e+104
1.7067e+104
2.2741e+104
3.03013e+104
4.03749e+104
5.37976e+104
7.16827e+104
9.55137e+104
1.27267e+105
1.69578e+105
2.25954e+105
3.01072e+105
4.01164e+105
5.34532e+105
7.12238e+105
9.49022e+105
1.26453e+106
1.68492e+106
2.24507e+106
2.99145e+106
3.98596e+106
5.3111e+106
7.07678e+106
9.42946e+106
1.25643e+107
1.67413e+107
2.2307e+107
2.9723e+107
3.96044e+107
5.27709e+107
7.03147e+107
9.36909e+107
1.24839e+108
1.66341e+108
2.21642e+108
2.95327e+108
3.93508e+108
5.24331e+108
6.98645e+108
9.30911e+108
1.24039e+109
1.65276e+109
2.20223e+109
2.93436e+109
3.90989e+109
5.20974e+109
6.94172e+109
9.24951e+109
1.23245e+110
1.64218e+110
2.18813e+110
2.91557e+110
3.88486e+110
5.17638e+110
6.89728e+110
9.19029e+110
1.22456e+111
1.63167e+111
2.17412e+111
2.89691e+111
3.85999e+111
5.14324e+111
6.85312e+111
9.13145e+111
1.21672e+112
1.62122e+112
2.1602e+112
2.87836e+112
3.83527e+112
5.11032e+112
6.80925e+112
9.07299e+112
1.20893e+113
1.61084e+113
2.14637e+113
2.85993e+113
3.81072e+113
5.0776e+113
6.76565e+113
9.0149e+113
1.20119e+114
1.60053e+114
2.13263e+114
2.84162e+114
3.78632e+114
5.04509e+114
6.72234e+114
8.95719e+114
1.1935e+115
1.59028e+115
2.11897e+115
2.82343e+115
3.76208e+115
5.01279e+115
6.6793e+115
8.89984e+115
1.18586e+116
1.5801e+116
2.10541e+116
2.80535e+116
3.738e+116
4.9807e+116
6.63654e+116
8.84287e+116
1.17827e+117
1.56999e+117
2.09193e+117
2.78739e+117
3.71407e+117
4.94881e+117
6.59405e+117
8.78625e+117
1.17073e+118
1.55993e+118
2.07854e+118
2.76955e+118
3.69029e+118
4.91713e+118
6.55184e+118
8.73e+118
1.16323e+119
1.54995e+119
2.06523e+119
2.75182e+119
3.66666e+119
4.88565e+119
6.50989e+119
8.67411e+119
1.15578e+120
1.54002e+120
2.05201e+120
2.7342e+120
3.64319e+120
4.85437e+120
6.46821e+120
8.61858e+120
1.14838e+121
1.53017e+121
2.03887e+121
2.7167e+121
3.61987e+121
4.82329e+121
6.42681e+121
8.5634e+121
1.14103e+122
1.52037e+122
2.02582e+122
2.6993e+122
3.59669e+122
4.79242e+122
6.38566e+122
8.50858e+122
1.13373e+123
1.51064e+123
2.01285e+123
2.68202e+123
3.57367e+123
4.76173e+123
6.34478e+123
8.45411e+123
1.12647e+124
1.50097e+124
1.99996e+124
2.66485e+124
3.55079e+124
4.73125e+124
6.30416e+124
8.39999e+124
1.11926e+125
1.49136e+125
1.98716e+125
2.64779e+125
3.52805e+125
4.70096e+125
6.2638e+125
8.34621e+125
1.11209e+126
1.48181e+126
1.97444e+126
2.63084e+126
3.50547e+126
4.67087e+126
6.2237e+126
8.29278e+126
1.10497e+127
1.47232e+127
1.9618e+127
2.614e+127
3.48303e+127
4.64096e+127
6.18386e+127
8.23969e+127
1.0979e+128
1.4629e+128
1.94924e+128
2.59726e+128
3.46073e+128
4.61125e+128
6.14427e+128
8.18694e+128
1.09087e+129
1.45353e+129
1.93676e+129
2.58064e+129
3.43857e+129
4.58173e+129
6.10493e+129
8.13453e+129
1.08389e+130
1.44423e+130
1.92436e+130
2.56412e+130
3.41656e+130
4.5524e+130
6.06585e+130
8.08245e+130
1.07695e+131
1.43498e+131
1.91204e+131
2.5477e+131
3.39469e+131
4.52326e+131
6.02702e+131
8.03071e+131
1.07005e+132
1.42579e+132
1.8998e+132
2.53139e+132
3.37295e+132
4.4943e+132
5.98843e+132
7.9793e+132
1.0632e+133
1.41667e+133
1.88764e+133
2.51518e+133
3.35136e+133
4.46553e+133
5.9501e+133
7.92821e+133
1.0564e+134
1.4076e+134
1.87555e+134
2.49908e+134
3.32991e+134
4.43694e+134
5.912e+134
7.87746e+134
1.04963e+135
1.39858e+135
1.86355e+135
2.48308e+135
3.30859e+135
4.40853e+135
5.87416e+135
7.82703e+135
1.04291e+136
1.38963e+136
1.85162e+136
2.46719e+136
3.28741e+136
4.38031e+136
5.83655e+136
7.77692e+136
1.03624e+137
1.38073e+137
1.83976e+137
2.45139e+137
3.26636e+137
4.35227e+137
5.79919e+137
7.72713e+137
1.0296e+138
1.3719e+138
1.82798e+138
2.4357e+138
3.24545e+138
4.32441e+138
5.76206e+138
7.67766e+138
1.02301e+139
1.36311e+139
1.81628e+139
2.42011e+139
3.22467e+139
4.29672e+139
5.72517e+139
7.62851e+139
1.01646e+140
1.35439e+140
1.80465e+140
2.40461e+140
3.20403e+140
4.26921e+140
5.68852e+140
7.57968e+140
1.00995e+141
1.34572e+141
1.7931e+141
2.38922e+141
3.18352e+141
4.24188e+141
5.6521e+141
7.53115e+141
1.00349e+142
1.3371e+142
1.78162e+142
2.37392e+142
3.16314e+142
4.21473e+142
5.61592e+142
7.48294e+142
9.97065e+142
1.32854e+143
1.77022e+143
2.35873e+143
3.14289e+143
4.18774e+143
5.57997e+143
7.43503e+143
9.90682e+143
1.32004e+144
1.75888e+144
2.34363e+144
3.12277e+144
4.16094e+144
5.54424e+144
7.38743e+144
9.8434e+144
1.31158e+145
1.74762e+145
2.32862e+145
3.10278e+145
4.1343e+145
5.50875e+145
7.34014e+145
9.78038e+145
1.30319e+146
1.73643e+146
2.31371e+146
3.08291e+146
4.10783e+146
5.47348e+146
7.29315e+146
9.71777e+146
1.29485e+147
1.72532e+147
2.2989e+147
3.06318e+147
4.08153e+147
5.43844e+147
7.24646e+147
9.65556e+147
1.28656e+148
1.71427e+148
2.28419e+148
3.04357e+148
4.0554e+148
5.40363e+148
7.20007e+148
9.59374e+148
1.27832e+149
1.7033e+149
2.26956e+149
3.02408e+149
4.02944e+149
5.36903e+149
7.15398e+149
9.53233e+149
1.27014e+150
1.69239e+150
2.25503e+150
3.00472e+150
4.00365e+150
5.33466e+150
7.10818e+150
9.4713e+150
1.262e+151
1.68156e+151
2.2406e+151
2.98549e+151
3.97801e+151
5.30051e+151
7.06267e+151
9.41067e+151
1.25393e+152
1.67079e+152
2.22625e+152
2.96637e+152
3.95255e+152
5.26658e+152
7.01746e+152
9.35042e+152
1.2459e+153
1.6601e+153
2.212e+153
2.94738e+153
3.92724e+153
5.23286e+153
6.97253e+153
9.29056e+153
1.23792e+154
inf
inf
inf
inf
inf
inf
inf
inf
inf
inf
inf
inf
inf
inf
inf
inf
inf
inf
inf
inf
inf
inf
inf
inf
inf
inf
inf
inf
inf
inf
inf
inf
inf
inf
inf
inf
inf
inf
inf
inf
inf
inf
inf
inf
inf
inf
inf
inf
inf
inf
inf
inf
inf
inf
inf
inf
inf
inf
inf
inf
inf
inf
inf
inf
inf
inf
inf
inf
inf
inf
inf
inf
inf
inf
inf
inf
inf
inf
inf
inf
inf
inf
inf
inf
inf
inf
inf
inf
inf
inf
inf
inf
inf
inf
inf
inf
inf
inf
inf
inf
inf
inf
inf
inf
inf
inf
inf
inf
inf
inf
inf
inf
inf
inf
inf
inf
inf
inf
inf
inf
inf
inf
inf
inf
inf
inf
inf
inf
inf
inf
inf
inf
inf
inf
inf
inf
inf
inf
inf
inf
inf
inf
inf
inf
inf
inf
inf
inf
inf
inf
inf
inf
inf
inf
inf
inf
inf
inf
inf
inf
inf
inf
inf
inf
inf
inf
inf
inf
inf
inf
inf
inf
inf
inf
inf
inf
inf
inf
inf
inf
inf
inf
inf
inf
inf
inf
inf
inf
inf
inf
inf
inf
inf
inf
inf
inf
inf
inf
inf
inf
inf
inf
inf
inf
inf
inf
inf
inf
inf
inf
inf
inf
inf
inf
inf
inf
inf
inf
inf
inf
inf
inf
inf
inf
inf
inf
inf
inf
inf
inf
inf
inf
inf
inf
inf
inf
inf
inf
inf
inf
inf
inf
inf
inf
inf
inf
inf
inf
inf
inf
inf
inf
inf
inf
inf
inf
inf
inf
inf
inf
inf
inf
inf
inf
inf
inf
inf
inf
inf
inf
inf
inf
inf
inf
inf
inf
inf
inf
inf
inf
inf
inf
inf
inf
inf
inf
inf
inf
inf
inf
inf
inf
inf
inf
inf
inf
inf
inf
inf
inf
inf
inf
inf
inf
inf
inf
inf
inf
inf
inf
inf
inf
inf
inf
inf
inf
inf
inf
inf
inf
inf
inf
inf
inf
inf
inf
inf
inf
inf
inf
inf
inf
inf
inf
inf
inf
inf
inf
inf
inf
inf
inf
inf
inf
inf
inf
inf
inf
inf
inf
inf
inf
inf
inf
inf
inf
inf
inf
inf
inf
inf
inf
inf
inf
inf
inf
inf
inf
inf
inf
inf
inf
inf
inf
inf
inf
inf
inf
inf
inf
inf
inf
inf
inf
inf
inf
inf
inf
inf
inf
inf
inf
inf
inf
inf
inf
inf
inf
inf
inf
inf
inf
inf
inf
inf
inf
inf
inf
inf
inf
inf
inf
inf
inf
inf
inf
inf
inf
inf
inf
inf
inf
inf
inf
inf
inf
inf
inf
inf
inf
inf
inf
inf
inf
inf
inf
inf
inf
inf
inf
inf
inf
inf
inf
inf
inf
inf
inf
inf
inf
inf
inf
inf
inf
inf
inf
inf
inf
inf
inf
inf
inf
inf
inf
inf
inf
inf
inf
inf
inf
inf
inf
inf
inf
inf
inf
inf
inf
inf
inf
inf
inf
inf
inf
inf
inf
inf
inf
inf
inf
inf
inf
inf
inf
inf
inf
inf
inf
inf
inf
inf
inf
inf
inf
inf
inf
inf
inf
inf
inf
inf
inf
inf
inf
inf
inf
inf
inf
inf
inf
inf
inf
inf
inf
inf
inf
inf
inf
inf
inf
inf
inf
inf
inf
inf
inf
inf
inf
inf
inf
inf
inf
inf
inf
inf
inf
inf
inf
inf
inf
inf
inf
inf
inf
inf
inf
inf
inf
inf
inf
inf
inf
inf
inf
inf
inf
inf
inf
inf
inf
inf
inf
inf
inf
inf
inf
inf
inf
inf
inf
inf
inf
inf
inf
inf
inf
inf
inf
inf
inf
inf
inf
inf
inf
inf
inf
inf
inf
inf
inf
inf
inf
inf
inf
inf
inf
inf
inf
inf
inf
inf
inf
inf
inf
inf
inf
inf
inf
inf
inf
inf
inf
inf
inf
inf
inf
inf
inf
inf
inf
inf
inf
inf
inf
inf
inf
inf
inf
inf
inf
inf
inf
inf
inf
inf
inf
inf
inf
inf
inf
inf
inf
inf
inf
inf
inf
inf
inf
inf
inf
inf
inf
inf
inf
inf
inf
inf
inf
inf
inf
inf
inf
inf
inf
inf
inf
inf
inf
inf
inf
inf
inf
inf
inf
inf
inf
inf
inf
inf
inf
inf
inf
inf
inf
inf
inf
inf
inf
inf
inf
inf
inf
inf
inf
inf
inf
inf
inf
inf
inf
inf
inf
inf
inf
inf
inf
inf
inf
inf
inf
inf
inf
inf
inf
inf
inf
inf
inf
inf
inf
inf
inf
inf
inf
inf
inf
inf
inf
inf
inf
inf
inf
inf
inf
inf
inf
inf
inf
inf
inf
inf
inf
inf
inf
inf
inf
inf
inf
inf
inf
inf
inf
inf
inf
inf
inf
inf
inf
inf
inf
inf
