11.619
7.96647
5.17271
3.41511
2.26129
1.49917
0.994597
0.660149
0.438304
0.291079
0.193341
0.12844
0.0853343
0.0567006
0.0376777
0.0250386
0.0166402
0.0110592
0.00735038
0.00488549
0.00324727
0.00215844
0.00143473
0.000953687
0.000633941
0.000421403
0.000280124
0.000186211
0.000123784
8.22858e-05
5.46999e-05
3.63622e-05
2.4172e-05
1.60685e-05
1.06817e-05
7.10069e-06
4.72021e-06
3.13776e-06
2.08582e-06
1.38654e-06
9.21688e-07
6.1268e-07
4.07268e-07
2.70722e-07
1.79955e-07
1.19619e-07
7.95119e-08
5.28519e-08
3.51305e-08
2.33509e-08
1.5521e-08
1.03164e-08
6.857e-09
